26
24
32.9
32
36
39
33
31
30
29
40
33
32
33
34
29
37
29
29
20.9
22.9
22.9
22.9
22.9
22.9
22.9
22.9
22.9
22.9
23.9
27.9
24.9
24.9
24.9
24.9
24.9
25.9
24.9
24.9
26.9
24.9
25.9
28.9
25.9
25.9
23.9
23.9
22.9
23.9
25.9
25.9
25.9
24
24
27
28
27
34
27
25
26
26
26
27
26
26
27
33
33
27
27
27
27
28
27
27
27
26
26
28
29
30
30
30
29
39
30
29
24
30
33
7.9
9.9
10.9
5.9
6.9
7.9
8.9
7.9
4
5
5
6.9
9.9
9.9
6.9
6.9
6.9
6.9
7.9
5.9
6.9
7
5
6
4.9
6.9
4.9
5.9
5.9
4.9
5.9
4.9
5.9
4.9
4.9
5.9
4.9
5.9
5.9
4.9
4.9
4.9
4.9
4.9
4.9
4.9
9.9
4.9
4.9
4.9
4.9
4.9
4.9
6.9
4.9
4.9
4.9
4.9
4.9
4.9
6.9
4.9
4.9
11
11
4.9
4.9
6.9
4.9
9.9
9.9
3
3
3
3
3
3
3
3
4
4
4
4
